1
44
328
361
362
204
204
174
174
428
309
309
446
464
485
488
324
324
494
501
517
348
348
244
244
556
289
289
647
506
506
407
407
665
667
451
451
703
706
443
443
511
511
748
749
750
752
781
787
815
826
721
721
870
872
726
726
925
942
994
1087
1089
812
812
631
631
1108
877
877
1174
1176
1184
1185
1186
1187
999
999
1199
866
866
1039
1039
1256
1258
1084
1084
1265
1266
1267
856
856
1311
1313
1314
1315
1332
1334
1335
1336
1337
1079
1079
1415
1423
1429
1148
1148
1437
1438
940
940
982
982
1479
1480
1491
1412
1412
1520
1532
1544
1546
1547
1244
1244
1387
1387
1553
1590
1591
1239
1239
1593
1607
1611
1617
1618
1619
1362
1362
1448
1448
1420
1420
1651
1158
1158
1689
1705
1711
1718
1726
1730
1738
1428
1428
1760
1761
1666
1666
1552
1552
1578
1578
1694
1694
1699
1699
1743
1743
1827
1828
1568
1568
1671
1671
1870
1873
1874
1880
1681
1681
1516
1516
1906
1908
1911
1748
1748
1912
1920
1932
1735
1735
1938
1957
1960
1525
1525
1710
1710
1656
1656
1965
1965
1781
1781
1992
1771
1771
1999
2002
2019
2021
2024
1925
1925
2032
2040
2044
1806
1806
2050
2071
2077
1943
1943
1766
1766
2109
2116
1890
1890
2129
1786
1786
2135
1863
1863
1801
1801
2137
2138
2142
2143
2144
2155
2157
2159
2029
2029
2161
2164
2166
2168
2174
2065
2065
2175
2070
2070
2207
2210
2217
2082
2082
2219
2227
2076
2076
2228
2230
2243
2251
2254
2260
2215
2215
2195
2195
2279
2281
2185
2185
2282
2284
2173
2173
