21
44
59
199
189
144
179
328
149
361
362
204
204
174
174
428
309
309
446
464
382
485
488
397
324
324
264
494
501
254
517
348
348
319
244
244
234
556
289
289
353
274
314
516
647
493
506
506
407
407
665
667
451
451
427
703
581
706
443
443
511
511
748
749
479
750
586
752
781
596
787
815
826
721
721
870
872
726
726
687
820
925
942
692
716
641
994
797
772
1087
1089
812
812
631
631
1108
831
606
877
877
1174
1176
962
1184
1094
1185
1186
1187
999
999
1199
1099
866
866
1039
1039
841
887
1256
902
1258
1014
1084
1084
987
1265
1266
1267
912
856
856
892
1311
1313
1314
1315
1064
1332
1334
1335
1336
992
1337
957
1123
972
1029
1079
1079
1415
1423
1429
1054
1148
1148
1049
1437
1138
1438
940
940
982
982
1479
1480
1249
1491
1412
1412
1219
1287
1520
1532
1544
1546
1547
1244
1244
1387
1387
1372
1553
1234
1397
1590
1591
1239
1239
1407
1593
1607
1611
1325
1617
1618
1173
1619
1362
1362
1377
1448
1448
1420
1420
1651
1158
1158
1282
1689
1307
1705
1711
1718
1229
1263
1726
1730
1738
1428
1428
1573
1760
1761
1666
1666
1552
1552
1563
1578
1578
1694
1694
1699
1699
1743
1743
1542
1827
1828
1568
1568
1671
1671
1485
1870
1873
1874
1880
1681
1681
1716
1516
1516
1598
1906
1908
1911
1537
1748
1748
1530
1912
1920
1932
1735
1735
1938
1686
1957
1644
1960
1525
1525
1710
1710
1656
1656
1965
1965
1781
1781
1992
1885
1879
1771
1771
1999
2002
2019
1990
2021
1970
2024
1953
1925
1925
1848
2032
2040
2044
1806
1806
2050
1758
1937
2071
2077
1843
1905
1943
1943
1766
1766
2109
2116
1890
1890
2129
1786
1786
2135
1863
1863
1801
1801
2137
2138
2142
1826
2143
1858
1833
2144
2155
1895
2157
2159
2029
2029
2060
2161
2164
2166
2168
2174
2107
2065
2065
2175
2012
2134
2070
2070
2114
2207
2210
2102
2126
2217
2082
2082
2219
2092
2227
2076
2076
2228
2230
1997
2097
2243
2251
2224
2254
2180
2190
2260
2215
2215
2195
2195
2279
2281
2185
2185
2240
2282
2248
2284
2173
2173
