665
674
757
712
712
1170
1185
1389
1491
1820
1822
1242
1242
1910
1965
2040
2255
2313
2315
2351
2377
1643
1643
2437
2467
2211
2211
2637
2646
2680
1929
1929
2720
2731
2293
2293
2745
2831
2837
2843
3009
3015
3063
3153
2173
2173
3273
3276
3284
3287
3294
3385
1776
1776
1879
1879
3490
3491
3557
3568
3577
3625
3658
3804
2862
2862
2995
2995
3891
3951
3997
4018
4093
4125
4135
4141
4199
4221
4248
4334
4463
4496
4560
4621
4658
4832
4890
4897
4902
4906
4943
4947
4950
4957
4965
4999
4056
4056
5016
5017
5026
5034
5037
5041
5056
5109
5124
3615
3615
5133
5145
5151
5185
5333
5344
5374
5420
5427
5589
5591
5623
5689
5691
5702
4305
4305
5836
5839
5842
5844
5886
5906
5972
5740
5740
5541
5541
6082
5522
5522
4753
4753
6122
6191
6208
6226
6227
6290
6295
6298
6340
6342
6472
6486
6509
6515
6517
6547
6556
6572
5680
5680
5661
5661
6592
6594
