125
125
135
135
192
259
155
155
305
217
217
232
232
408
429
395
395
451
375
375
355
355
563
340
340
579
315
315
622
310
310
449
449
806
609
609
496
496
898
909
911
913
926
930
943
955
957
476
476
1036
742
742
1062
1066
1070
1073
1109
1116
1127
1130
1166
1242
1254
1271
896
896
1328
667
667
1462
1506
1549
1306
1306
1631
1682
1683
1704
1722
1150
1150
1844
1247
1247
1269
1269
2055
2066
2079
2086
2114
2153
2165
2167
2184
2197
2201
2222
1438
1438
2264
2272
2273
2274
2276
2289
2290
2291
1291
1291
1343
1343
2297
1467
1467
2343
2345
1954
1954
2182
2182
2458
2465
2034
2034
1879
1879
2296
2296
2502
2524
1629
1629
2562
2565
2573
2242
2242
1624
1624
1807
1807
2624
2221
2221
2631
2667
2708
2709
2750
2772
1854
1854
2819
2861
2890
1812
1812
2901
2902
2904
2905
2933
2934
2942
2963
2966
1676
1676
2987
2990
3029
3030
3032
3036
3038
3074
3083
1787
1787
2139
2139
2322
2322
1772
1772
2076
2076
3092
3098
3106
2129
2129
3168
3189
3200
3202
2262
2262
3216
3223
1974
1974
3247
3253
3254
2065
2065
1842
1842
3290
3025
3025
3212
3212
2839
2839
3336
3338
3365
3379
2876
2876
3435
2593
2593
3513
3550
2623
2623
2570
2570
3574
3578
3609
3183
3183
3621
3188
3188
3116
3116
3679
3686
3698
2463
2463
3720
3751
3764
2608
2608
3048
3048
3787
3810
2760
2760
3843
3845
3856
3857
3895
3898
3901
3902
2915
2915
3921
2755
2755
3922
3926
3928
4026
4074
4081
4089
2385
2385
4192
4208
4271
4294
4312
2724
2724
4386
4389
4406
4420
4428
4459
3221
3221
4470
4474
2629
2629
4486
4309
4309
4537
4458
4458
4549
4051
4051
4560
4582
4618
3938
3938
4664
4672
4688
4704
4706
4332
4332
4179
4179
4755
3450
3450
4362
4362
4404
4404
4154
4154
4347
4347
4771
4807
4809
3993
3993
4357
4357
4871
4897
4928
4937
4949
4980
4987
4989
4991
4992
5008
4238
4238
5036
5044
5055
5064
5075
5082
5085
5092
5093
5102
5111
5117
5123
5129
5131
5142
5146
5155
4304
4304
5201
5202
4139
4139
3825
3825
5219
5231
3343
3343
5248
3394
3394
5276
5292
5294
5301
5314
5318
3528
3528
5335
5377
4086
4086
5389
4031
4031
5390
5408
4448
4448
5421
5452
5460
5482
5498
5499
3912
3912
3784
3784
5556
5572
5579
5585
5591
4342
4342
3348
3348
4197
4197
3750
3750
4337
4337
3631
3631
4129
4129
5599
5608
5639
5641
5643
5644
3543
3543
5656
5657
5661
3855
3855
5703
3608
3608
4104
4104
4008
4008
5707
5708
5721
3797
3797
5752
5770
5774
4213
4213
3593
3593
5787
5793
5802
3300
3300
3358
3358
5784
5784
5633
5633
4902
4902
5856
5426
5426
4876
4876
5913
5916
5937
5941
5949
5960
5981
6024
6027
6038
6061
5779
5779
6097
6098
6099
6101
6123
6126
5175
5175
6219
5590
5590
6261
6282
5185
5185
6323
6326
6328
6377
6388
6392
6401
5807
5807
4751
4751
6422
6424
4834
4834
6445
6447
5224
5224
6466
6477
5180
5180
6505
6508
6531
6539
6545
6563
6572
5623
5623
6579
6581
6610
5400
5400
6613
6626
6652
6659
4542
4542
5604
5604
6682
4633
4633
4687
4687
6749
6750
6752
6755
6763
6786
6842
6845
6847
6861
6862
6865
6867
6909
6910
6947
5544
5544
6974
6991
7003
7019
7026
7028
7032
7041
7042
7046
7079
5497
5497
7088
7100
7108
5649
5649
7125
7138
7142
7144
7146
7165
7202
7216
4954
4954
7243
7245
4974
4974
5375
5375
5229
5229
7296
7298
7319
7321
7343
7384
7390
7398
7411
7412
7420
7431
6387
6387
7439
7460
7051
7051
7504
7510
7533
7539
6618
6618
5852
5852
7631
6476
6476
7637
7645
5946
5946
7105
7105
7679
7683
7684
7706
6338
6338
7760
7762
7763
6111
6111
7806
7852
7856
7868
7869
6333
6333
7870
7872
7893
6536
6536
7910
7922
7925
7927
5996
5996
6416
6416
7185
7185
7951
6940
6940
7984
7986
7989
7990
8024
8028
6171
6171
8050
8063
6651
6651
8095
8099
6722
6722
8131
6920
6920
6348
6348
8147
8150
8152
6191
6191
6783
6783
8198
8201
8203
5991
5991
8221
7061
7061
8239
8241
8243
8244
8247
6852
6852
8264
6434
6434
8297
6528
6528
8301
8313
8314
8348
8349
6249
6249
6962
6962
8372
8383
8419
6623
6623
8465
8511
8512
8524
6161
6161
6687
6687
8543
8546
8548
8582
6322
6322
6692
6692
6307
6307
6768
6768
8669
8670
8671
6737
6737
8675
8693
8704
7008
7008
6657
6657
8733
8762
8776
8778
6717
6717
7037
7037
8811
7932
7932
8680
8680
8832
7389
7389
8854
8870
8888
8891
7699
7699
8927
7655
7655
8953
7898
7898
8966
8969
8982
9041
9053
9055
9057
8553
8553
9129
9143
8329
8329
9160
9168
9172
9195
9233
9255
8231
8231
8083
8083
9322
9334
9336
7937
7937
9398
8587
8587
9434
9435
9448
9481
9513
9520
9529
9531
9535
7295
7295
9577
9594
8129
8129
9605
8088
8088
9626
9649
9652
7408
7408
8439
8439
7500
7500
7866
7866
9658
9670
7480
7480
9677
9709
9726
9742
9743
9759
9777
8719
8719
8136
8136
9823
9826
7363
7363
9848
9850
9851
9868
9876
9877
8485
8485
9878
9891
9892
7614
7614
8093
8093
9893
9896
8119
8119
9903
9924
9941
9947
8124
8124
8505
8505
8359
8359
7395
7395
9976
7538
7538
7836
7836
9982
9988
9989
9990
9991
10002
10004
8798
8798
10008
10011
10012
8444
8444
10016
7290
7290
10048
10051
10059
10066
10068
10075
10082
10103
10104
10130
10144
10145
10158
8393
8393
10174
10192
10199
10200
10214
10222
10223
7459
7459
10224
10227
10233
10234
10248
10255
10256
10258
8703
8703
10275
10276
8434
8434
10307
10330
10331
10332
10335
10344
7564
7564
10347
10365
10378
10387
7270
7270
10400
10401
10403
10449
10451
9423
9423
10463
10465
10498
10509
9506
9506
10510
10512
10513
9657
9657
10529
10531
10532
9032
9032
10578
9341
9341
8852
8852
10610
9391
9391
10639
9320
9320
10647
8859
8859
10685
10686
10687
9433
9433
10700
10721
9913
9913
10763
10767
8932
8932
10769
9248
9248
10777
10786
10792
10813
10814
9087
9087
10836
10844
10866
10874
10878
10879
10912
10923
10926
10940
10942
10943
10956
10317
10317
10978
10995
11002
11006
11017
11024
11025
11026
11043
11044
9753
9753
11046
11047
11049
11053
11072
11074
11091
11093
9210
9210
9381
9381
11109
9883
9883
9952
9952
9386
9386
9165
9165
10370
10370
11121
11142
11145
11161
11163
9396
9396
9929
9929
11177
11183
11184
9310
9310
11196
11212
10056
10056
9413
9413
11223
11226
11242
8875
8875
11279
11340
11343
11345
11369
11370
11396
9592
9592
11402
11409
11417
11418
9587
9587
9663
9663
9077
9077
9631
9631
11446
11454
11457
11463
11480
11496
11498
11501
11542
11543
9555
9555
11554
11567
11580
11581
11585
11587
11595
11596
11597
11598
10173
10173
10109
10109
11625
11626
11629
11633
11634
9901
9901
9220
9220
11652
11653
8906
8906
9769
9769
11677
11679
11680
9836
9836
11683
11687
11688
11690
10210
10210
11692
11701
11702
11709
11730
11731
11765
11782
11785
11793
8831
8831
11810
11812
11816
11834
11837
11839
9458
9458
9067
9067
11860
11861
11864
11867
11869
11871
11872
8979
8979
11141
11141
11933
11934
11943
11098
11098
11962
11993
11994
12000
12021
11485
11485
12037
10774
10774
12053
12056
11108
11108
12113
12139
10583
10583
12162
10443
10443
12163
11526
11526
12165
12166
12168
12187
12195
11375
11375
11564
11564
10922
10922
12241
12277
12296
12304
12321
12322
11495
11495
12343
12376
11849
11849
11058
11058
12382
11031
11031
11541
11541
10475
10475
10577
10577
12405
12408
12412
11618
11618
12414
12420
12421
12448
12470
10557
10557
12482
12483
12484
12486
10961
10961
11211
11211
12494
12517
12523
12541
12542
11131
11131
12560
12561
12564
12570
12591
11150
11150
12624
12635
11673
11673
12672
10448
10448
12710
12712
12713
12714
11724
11724
12715
12719
12727
12740
12749
12750
11506
11506
12752
11897
11897
12774
12783
11854
11854
10802
10802
11770
11770
12826
11231
11231
10657
10657
10791
10791
10756
10756
12852
12853
12854
11189
11189
12878
12880
12881
11079
11079
11267
11267
10652
10652
10726
10726
12889
12901
12904
11780
11780
11289
11289
12917
12925
12926
12927
12940
12944
12945
12946
12948
12949
11294
11294
12970
12981
12992
12993
12995
12997
12998
13001
10562
10562
13005
13007
13014
11603
11603
11798
11798
10667
10667
13022
11761
11761
11155
11155
10428
10428
13046
13049
13050
13051
11707
11707
13064
13071
13078
11844
11844
13091
11324
11324
13107
13109
13121
13123
13125
11649
11649
13126
13132
13133
13137
12831
12831
13154
13180
13211
12682
12682
13212
13214
13235
13247
13249
12590
12590
12086
12086
13262
13281
13282
13285
13289
13290
13291
13298
12687
12687
13310
13313
13069
13069
13316
13319
13350
13352
13355
13358
13096
13096
13379
13380
12585
12585
13401
13413
13426
13438
11999
11999
13466
12337
12337
13500
13503
13511
13514
12767
12767
12235
12235
12677
12677
13547
13559
13563
13571
13575
13586
12665
12665
13587
12271
12271
13027
13027
13601
13603
12533
12533
12276
12276
12702
12702
13625
12215
12215
13639
13641
13674
13698
13714
13715
11987
11987
13716
13717
12047
12047
13735
11982
11982
13758
12975
12975
13801
12173
12173
13817
12991
12991
13820
12118
12118
13822
13825
13826
13848
13852
13855
13861
12575
12575
13867
12192
12192
12528
12528
13868
13875
13877
13896
12446
12446
13910
13912
13924
13930
13943
13944
12319
12319
13977
13990
13991
14007
12381
12381
14011
14014
14016
14018
12522
12522
14031
14033
14036
14042
14043
14047
14049
14051
14083
12042
12042
14085
14086
14087
14089
12922
12922
14091
14095
14101
14109
14110
12580
12580
13106
13106
14117
14006
14006
14145
14147
14149
14153
13524
13524
14180
14194
14216
13324
13324
14232
13131
13131
14263
14269
14278
14280
14061
14061
14291
14292
13142
13142
13623
13623
13385
13385
13544
13544
14314
13671
13671
13418
13418
13646
13646
13778
13778
13831
13831
13755
13755
14403
14028
14028
13694
13694
14472
14484
13841
13841
14501
14504
14508
13836
13836
14511
14517
14518
14519
13179
13179
14523
14536
13568
13568
14545
13476
13476
14041
14041
13334
13334
14100
14100
14023
14023
14586
14587
14594
14612
13935
13935
14618
13496
13496
14641
14642
14646
14657
14659
13929
13929
14677
14678
13344
13344
13866
13866
14744
14755
13783
13783
14761
14762
14771
14789
13651
13651
14800
14814
14816
14076
14076
14817
14819
13436
13436
14820
13974
13974
13592
13592
14823
14829
14831
14835
14847
13727
13727
14056
14056
14860
13423
13423
14863
13373
13373
14876
14883
14891
13906
13906
14743
14743
14898
14516
14516
14168
14168
14738
14738
14698
14698
14408
14408
14919
14931
14932
14933
14935
14656
14656
14828
14828
14961
14962
14963
14966
14983
14984
15000
15003
14199
14199
14580
14580
15016
14633
14633
14262
14262
15024
14158
14158
14810
14810
14374
14374
15042
15048
15049
15055
14399
14399
15073
15075
15076
15092
14433
14433
15106
15108
14533
14533
14489
14489
15110
15112
15114
14651
14651
15126
14185
14185
14857
14857
14214
14214
15157
15163
14873
14873
15170
14881
14881
15176
15177
15178
15194
14754
14754
14693
14693
14285
14285
14845
14845
14290
14290
14638
14638
14242
14242
15235
15243
15255
15262
15263
15274
15280
15282
15284
15285
15287
15289
15290
15292
15294
15295
15299
15300
15302
14541
14541
15305
15311
14499
14499
14628
14628
14674
14674
15324
15325
14319
14319
14868
14868
14379
14379
14226
14226
14840
14840
15331
15332
15333
15337
14776
14776
15353
15354
15360
15347
15347
15379
15391
15404
15412
15047
15047
15414
15416
15427
15131
15131
15342
15342
15449
15471
15473
15330
15330
14913
14913
15487
14903
14903
15500
15501
15091
15091
15512
15530
15162
15162
15316
15316
15214
15214
15537
15124
15124
15279
15279
14908
14908
15570
15224
15224
15603
15605
15607
15608
15039
15039
15234
15234
15610
15188
15188
15617
15618
15627
15183
15183
15636
15253
15253
15352
15352
15649
15657
15119
15119
14929
14929
15665
15666
15685
15686
15459
15459
15699
15711
15654
15654
15732
15734
15497
15497
15365
15365
15442
15442
15778
15791
15797
15805
15478
15478
15623
15623
15816
15562
15562
15824
15825
15826
15827
15483
15483
15841
15848
15854
15855
15856
15872
15873
15469
15469
15861
15861
15885
15749
15749
15726
15726
15704
15704
15853
15853
15896
15902
15904
15905
15908
15909
15681
15681
15922
15923
15932
15934
15935
15936
15802
15802
15948
15821
15821
15744
15744
15956
15960
15963
15964
15970
15972
15878
15878
15739
15739
15973
15754
15754
15769
15769
15846
15846
15982
15941
15941
15919
15919
15946
15946
15883
15883
15928
15928
15890
15890
15901
15901
15914
15914
15978
15978
15990
