219
248
266
266
298
305
228
228
246
246
257
257
398
459
407
407
434
434
561
377
377
522
522
591
664
665
570
570
733
692
692
728
728
627
627
816
817
837
884
911
911
1025
1101
882
882
1151
1202
1205
1206
805
805
1282
1283
1285
992
992
1343
1351
1019
1019
1388
1389
1466
1110
1110
1542
947
947
1603
1613
1614
1617
1618
1416
1416
1739
1741
1742
1529
1529
1794
1808
1811
1870
1892
1906
1910
1434
1434
1940
1942
1943
1967
1398
1398
1461
1461
1787
1787
2060
1856
1856
2073
2094
2108
2111
1961
1961
2176
2180
2183
2189
2194
1735
1735
2228
1699
1699
1672
1672
2249
2264
2268
1681
1681
2407
2426
2427
2447
2449
2286
2286
2221
2221
2277
2277
2322
2322
2574
2630
2636
2640
2768
2770
2436
2436
2258
2258
2039
2039
2394
2394
2915
2917
3008
2494
2494
3054
3057
3106
3114
2619
2619
3125
2739
2739
3130
3135
3138
3141
2703
2703
2766
2766
3164
3165
3222
3224
3232
3237
2566
2566
3257
3260
3279
3280
3281
2779
2779
3319
3353
3359
2788
2788
2539
2539
2896
2896
3398
2712
2712
3408
3421
3429
3450
3461
3463
3502
3525
3556
3563
3075
3075
3621
3624
3123
3123
3628
3675
3687
3716
3736
3737
3805
3818
3819
3838
3839
3192
3192
3873
3902
3907
3927
3935
3472
3472
3814
3814
3945
3948
3986
3989
4008
3857
3857
4028
4030
4031
3848
3848
4060
4063
3891
3891
4087
3882
3882
4124
4125
4171
3572
3572
4190
3543
3543
4227
4235
4245
4248
4292
4299
4311
4323
3998
3998
4426
4483
4524
4529
4199
4199
4552
4244
4244
4007
4007
4563
4565
4284
4284
4359
4359
4604
4607
4613
4616
4624
4626
4628
4654
4350
4350
4731
4180
4180
4735
4738
4745
4747
4749
4751
4368
4368
4752
4764
4829
4386
4386
4840
4844
4894
4902
4907
4646
4646
4935
4938
4940
4672
4672
4480
4480
4547
4547
4959
4960
4983
4989
4782
4782
5053
5054
5074
5075
5078
5085
5170
5178
5186
5209
5210
5211
5214
5315
5316
5324
5354
5369
5382
5385
5388
5390
5434
5441
5460
5025
5025
5499
4871
4871
4800
4800
5016
5016
4949
4949
