140
230
365
402
447
474
564
625
630
729
783
819
945
963
990
1030
1039
1045
1108
1162
1171
1198
1216
1237
1246
1255
1273
1288
1297
1340
1341
1433
1437
1554
1570
1597
1604
1623
1705
1706
1733
1796
1850
1912
1982
2021
2024
2038
2069
2089
2102
2105
2204
2229
2248
2252
2276
2284
2291
2310
2328
2392
2394
2397
2400
2409
2417
2426
2444
2507
2575
2579
2611
2666
2675
2743
2745
2754
2782
2784
2811
2824
2851
2932
2948
2972
3040
3046
3055
3073
3093
3098
3107
3125
3167
3176
3203
3221
3239
3266
3285
3287
3288
3315
3330
3339
3437
3440
3452
3473
3475
3477
3479
3500
3512
3515
3560
3562
3580
3589
3610
3646
3659
3661
3823
3841
3854
3857
3893
3898
3919
3928
3944
3962
3989
3997
4016
4017
4035
4098
4106
4115
4146
4190
4191
4206
4229
4283
4304
4308
4326
4347
4350
4351
4355
4382
4401
4405
4411
4415
4424
4441
4522
4532
4536
4540
4547
4563
4568
4578
4583
4587
4661
4677
4713
4763
4835
4844
4892
4893
4896
4905
4907
4912
4921
4930
4947
4953
4956
4962
5052
5064
5067
5081
5103
5121
5132
5141
5157
5172
5198
5284
5293
5311
5313
5314
5316
5361
5383
5401
5410
5448
5449
5467
5494
5506
5521
5530
5533
5542
5544
5571
5580
5597
5627
5631
5656
5657
5659
5660
5665
5674
5683
5693
5720
5726
5747
5756
5767
5770
5787
5795
5796
5814
5825
5829
5838
5856
5859
5864
5888
5890
5909
5990
5994
5998
6013
6014
6016
6020
6038
6041
6047
6056
6064
6124
6142
6145
6160
6166
6190
6192
6201
6227
6232
6268
6271
6277
6279
6285
6287
6293
6301
6319
6359
6364
6412
6448
6466
6473
6482
6510
6515
6531
6544
6553
6571
6576
6584
6611
6633
6638
6649
6672
6681
6699
6774
6782
6795
6804
6805
6822
6864
6895
6897
6904
6907
6916
6917
6920
6929
6931
6957
6987
6990
6993
6996
7005
7006
7048
7062
7071
7081
7083
7096
7097
7117
7144
7149
7156
7183
7187
7190
7199
7213
7222
7225
7228
7230
7233
7241
7291
7354
7363
7372
7376
7385
7401
7405
7414
7415
7424
7435
7440
7444
7450
7488
7489
7498
7504
7524
7527
7536
7563
7570
7579
7588
7604
7606
7639
7641
7682
7685
7729
7755
7764
7766
7767
7794
7875
7890
7908
7918
7919
7958
7967
7976
7997
7998
7999
8003
8007
8062
8098
8100
8101
8103
8108
8113
8151
8158
8159
8161
8169
8171
8189
8197
8199
8208
8246
8248
8261
8269
8305
8311
8320
8336
8337
8338
8362
8371
8391
8393
8395
8401
8410
8414
8481
8501
8503
8508
8510
8514
8520
8529
8531
8535
8544
8557
8567
8584
8620
8621
8622
8638
8659
8663
8682
8685
8687
8693
8694
8703
8707
8711
8717
8720
8741
8748
8759
8804
8806
8810
8815
8817
8822
8826
8833
8835
8838
8840
8842
8852
8882
8904
8911
8926
8927
8932
8941
8947
8950
8959
8965
8967
8989
9043
9045
9049
9050
9053
9064
9066
9068
9074
9076
9096
9103
9107
9109
9115
9125
9126
9135
9153
9159
9196
9198
9199
9200
9203
9204
9233
9246
9293
9300
9318
9339
9342
9343
9356
9361
9363
9372
9380
9426
9431
9443
9449
9450
9500
9520
9537
9604
9614
9638
9649
9650
9653
9660
9663
9675
9684
9704
9710
9728
9737
9746
9755
9764
9773
9782
9785
9794
9798
9805
9814
9822
9831
9839
9841
9850
9853
9856
9864
9873
9878
9887
9888
9892
9901
9910
9912
9921
9930
